4.461067195387470943e-03,4.177342878979345593e-03,9.871623629812683598e-01,4.199226944364832341e-03
9.466971028165557800e-03,9.351210640772872687e-03,9.718347662164653622e-01,9.347052114596269765e-03
1.318243856702273342e-01,1.057120100125161222e-02,8.467857274976867687e-01,1.081868583083424318e-02
6.708441777876922481e-03,6.467411368965235267e-03,9.803307004263532853e-01,6.493446426804614161e-03
5.920004579155928488e-03,5.876497641190704321e-03,9.823260433835058203e-01,5.877454396147480109e-03
1.095568367612452174e-02,1.093631138514999761e-02,9.671474287579148177e-01,1.096057618081066817e-02
2.847576859748347268e-03,2.804599299540843152e-03,9.915576061210480407e-01,2.790217719662930595e-03
6.967368368557659286e-01,5.249403464665850644e-03,2.927600793595324657e-01,5.253680320035784487e-03
4.334308835457232299e-03,4.282551427754439401e-03,9.871017067351940399e-01,4.281433001594257132e-03
3.156505681040534111e-02,3.130516887258245201e-02,9.052464311246786188e-01,3.188334319233365743e-02
5.774109787650910132e-03,2.088667122491375261e-01,7.793693181137383297e-01,5.989859849473236700e-03
5.842287749481775080e-03,5.728502037534239505e-03,9.826782452483890928e-01,5.750964964594863955e-03
3.029251722483436958e-03,3.017001204555389612e-03,9.909485124958180569e-01,3.005234577142939199e-03
3.322329179758689022e-01,8.130213628007372517e-03,6.514830114034777520e-01,8.153856992645997642e-03
3.719538616023797175e-03,3.713695871987958332e-03,9.888261944559484373e-01,3.740571056039640203e-03
1.440565337908292221e-02,1.404908513378462509e-02,9.575120947609698785e-01,1.403316672616269391e-02
7.954950329588898403e-03,7.916479076630237449e-03,9.762665809522460547e-01,7.861989641534773005e-03
7.054380639843832283e-03,6.998734079779240884e-03,9.789337463476612822e-01,7.013138932715777367e-03
9.493463912139715050e-03,9.428411865255422256e-03,9.717158281465326786e-01,9.362296076072196271e-03
5.809626540613894823e-03,5.775781519065451876e-03,9.826903207572543764e-01,5.724271183066179797e-03
7.540233206199435483e-03,7.426364578693837176e-03,9.776126073782788195e-01,7.420794836827962482e-03
3.022836556125453513e-03,3.034586904969959354e-03,9.909123123453968951e-01,3.030264193507626550e-03
3.103731130576640410e-03,3.057369861961150778e-03,9.907664771405551019e-01,3.072421866907011113e-03
5.008255767580143125e-01,1.095685321155501213e-02,4.772562935488138813e-01,1.096127648161675065e-02
1.769433140852465485e-03,1.760860785889442224e-03,9.946995176523195648e-01,1.770188420938488072e-03
4.216379516001966116e-02,4.188556340094758829e-02,4.183864411528787769e-02,8.741119973237447827e-01
6.107820873361881862e-03,6.027374424555479587e-03,9.818187998745977474e-01,6.046004827484977896e-03
4.828551245105831835e-03,4.830323338226720151e-03,7.954543936564413276e-01,1.948867317602261118e-01
3.049833685239784677e-03,3.040531543006908498e-03,9.908636124272331980e-01,3.046022344520215534e-03
1.486090697686636916e-02,1.503395437876309942e-02,9.552787135640258276e-01,1.482642508034461536e-02
