9.862663973744348889e-01,2.783650137672219471e-03,2.735274178738589246e-03,2.735441113764976954e-03,2.743898918912612492e-03,2.735338276476643148e-03
9.690479104782799835e-01,6.232975626432763275e-03,6.176462523726135995e-03,6.181693736911885936e-03,6.183307683835781270e-03,6.177649950813338120e-03
2.341556382265207736e-01,7.380241974136706462e-01,6.947503137854892270e-03,6.953632770311453035e-03,6.967915633930830445e-03,6.951112817711292517e-03
7.276485252155384664e-01,2.552289184444396786e-01,4.286962537814686079e-03,4.278600261005011465e-03,4.279612967966927445e-03,4.277380573235393946e-03
9.805716823904377932e-01,3.908338806440194921e-03,3.878096943167010785e-03,3.878678573543938024e-03,3.883441034741389082e-03,3.879762251669659212e-03
9.635461694177201997e-01,7.440297374316199794e-03,7.248996748951063232e-03,7.250892175537510843e-03,7.262560937852424563e-03,7.251083345622555930e-03
9.908220943726021579e-01,1.841716113135070292e-03,1.833514260877830903e-03,1.833573263716972756e-03,1.834555832693336675e-03,1.834546156974708022e-03
2.832481433539265070e-01,3.509623327205446241e-03,3.474252235237678451e-03,3.475019539361770722e-03,7.028188941762968378e-01,3.474067367971862136e-03
8.149947593828592574e-01,2.872410581266192885e-03,2.830939403094777373e-03,1.736406105143941392e-01,2.833650194109956898e-03,2.827629924275795563e-03
8.956472679877718335e-01,2.097087078266022739e-02,2.083573055573699831e-02,2.084073309128128826e-02,2.086803306165492880e-02,2.083736452089469601e-02
9.810258210798968870e-01,3.806758135533918220e-03,3.790875391529937785e-03,3.790667282031285213e-03,3.794588308428589307e-03,3.791289802579276245e-03
8.478389270518702503e-01,3.829152420567691513e-03,3.791182359521636999e-03,1.369479202453486311e-01,3.798394134268952803e-03,3.794423788422891537e-03
9.900528590827332165e-01,2.001803234270777606e-03,1.985618624230283541e-03,1.986321031236429335e-03,1.988054355207041681e-03,1.985343672322194535e-03
9.730572126021808099e-01,5.411577092165684687e-03,5.381054663164820499e-03,5.381377272667440398e-03,5.387154571919401495e-03,5.381623797901941876e-03
9.490105784133621158e-01,4.117301039123860001e-02,2.452821593072077120e-03,2.453116765344963163e-03,2.454376257515677485e-03,2.456096579466899871e-03
5.815889851305996450e-01,3.813460900842514656e-01,9.264222788019050095e-03,9.266027117021095535e-03,9.268211664959207646e-03,9.266463215149638513e-03
9.738719220900899920e-01,5.272874330808418296e-03,5.210110534137388401e-03,5.211079087213425255e-03,5.220329099701437325e-03,5.213684858049333522e-03
9.768127634382000046e-01,4.652303073865679192e-03,4.632376753341722019e-03,4.633428114661691799e-03,4.634419509323243168e-03,4.634709110607586335e-03
7.397395312026586733e-01,6.289516346953604939e-03,6.178373977965894055e-03,2.354099746550992467e-01,6.203853884174934281e-03,6.178749933147618945e-03
6.140381830558363507e-01,3.707760235664979143e-01,3.792508879740726438e-03,3.797621492775123380e-03,3.804724236724029481e-03,3.790938768425866114e-03
3.176402662426026091e-01,6.627279007064856842e-01,4.904141262306019669e-03,4.906747956540577146e-03,4.916178978482910363e-03,4.904764853582124946e-03
2.622742058096854678e-01,7.297781736075076298e-01,1.985759904502339482e-03,1.986228326700343032e-03,1.990089152516626072e-03,1.985543199087487151e-03
9.899257300622282818e-01,2.031843688741270804e-03,2.009662707337661267e-03,2.010495983083857973e-03,2.011656713583873535e-03,2.010610845025101023e-03
7.421306997411351337e-03,4.135210462529281816e-01,7.249921211918380730e-03,5.572985912472429026e-01,7.258773838624017066e-03,7.250360451875272408e-03
9.941960420940353371e-01,1.168547057373207345e-03,1.158441356918296855e-03,1.158696800172405840e-03,1.159674793765475952e-03,1.158597897735469005e-03
2.782210578470820789e-02,8.609597134809933161e-01,2.780842979678843988e-02,2.780385072838053098e-02,2.779805742521329615e-02,2.780784278391617431e-02
3.017083714324732546e-01,2.650375300878979323e-01,3.974028829748019534e-03,3.976614894615270596e-03,3.982198761586452050e-03,4.213212559936790336e-01
2.647980975747715182e-01,7.226025384786932682e-01,3.146474012573010574e-03,3.150981820251021366e-03,3.155106214599946723e-03,3.146801899111341654e-03
9.029503709750289486e-01,8.900933068874598841e-02,2.009366513049179806e-03,2.010470204706171164e-03,2.010675975761434288e-03,2.009785642708455076e-03
9.508704671055947522e-01,9.843235874621349829e-03,9.809998618244695351e-03,9.842799659289783523e-03,9.814507800071080659e-03,9.818990942178400932e-03
